Cost:
52486.72221898066
Routes:
22
0,248,170,113,32,144,241,66,237,104,12
0,142,76,105,92,114,29,44,108,53,158,151,135
0,96,193,9,119,213,184,198,107,222,210,194
0,106,219,43,190,1,103,166,182,118,149,81
0,91,85,203,209,30,211,8,192,15,122,175,13,128
0,75,236,224,177,181,229,124,77,221
0,180,196,136,37,86,127,233,72,11,242,41
0,63,14,133,231,27,45,250,172,235,3,147
0,89,139,49,168,17,84,227,249,187,90
0,167,207,62,47,46,21,217,225,18,129,6
0,205,245,185,51,36,155,195,70,173,214,183
0,97,34,150,223,160,61,111,48,204,228,55
0,141,22,31,197,232,71,94,215,176,189,33,156
0,157,101,57,110,163,220,80,23,99,68,246,240
0,116,65,164,69,208,130,174,102,20,178,95,42
0,153,132,39,243,171,93,38,73,179,188,134
0,117,186,25,120,216,138,125,131,60,98,145,28,238,82
0,169,199,35,64,121,52,161,109,59,201,74,154
0,146,2,152,244,58,230,206,226,56,159,239
0,4,112,19,83,100,200,247,143,140,50,148,234,26
0,123,137,5,87,10,202,165,79,24,191,40,7
0,126,115,212,78,67,88,16,218,54,162